4.565014654887185053e-01	3.170113746662496235e-01	8.643373088117671521e-02	6.184598579839344349e-17
5.265014654887185674e-01	2.704003830474367986e-01	8.932319636303789889e-02	1.314938183004071978e-28
6.065014654887185275e-01	2.354436372679593048e-01	8.148096262820184177e-02	1.088686782012628267e-32
6.865014654887185985e-01	2.089152557469847737e-01	6.903862910117082585e-02	4.607527438648914564e-02
7.765014654887185674e-01	1.831669300018921864e-01	5.517333531503052640e-02	1.388000375915114382e-01
8.665014654887185364e-01	1.608693018971869004e-01	4.446028319874153339e-02	2.180616761575392692e-01
9.665014654887186252e-01	1.407245886722544304e-01	3.595659450201865726e-02	2.777882343216001582e-01
1.066501465488718603e+00	1.219316633391002852e-01	2.546933583255043057e-02	3.948297801000911766e-01
1.166501465488718470e+00	1.068676458211882119e-01	2.008437435876034641e-02	4.520817187654865843e-01
1.276501465488718567e+00	9.278856773663780866e-02	1.358499930230189570e-02	5.261060082995056009e-01
1.386501465488718443e+00	8.162005837662503205e-02	1.134507955982229019e-02	5.485728587347458163e-01
1.506501465488718550e+00	6.920823641554250949e-02	6.152697866454839674e-03	6.383273766447552511e-01
1.626501465488718434e+00	5.988352916686654620e-02	2.364308498678655522e-03	6.946179725531297366e-01
1.756501465488718550e+00	4.957047245674880281e-02	4.935989688759312606e-03	7.094331348720497310e-01
1.886501465488718443e+00	4.223980376166873441e-02	3.573533678992089815e-03	7.478967019051117049e-01
2.026501465488718789e+00	3.567718658988956043e-02	2.349739402261567366e-03	7.789127601947760660e-01
2.166501465488718470e+00	3.012543667500963002e-02	1.408090631169154347e-03	8.139990808034153202e-01
2.316501465488718381e+00	2.493728764763863612e-02	1.043762422421471011e-03	8.428270514092334187e-01
2.466501465488718292e+00	2.088019378739992479e-02	9.261123395975819203e-04	8.612175710944398599e-01
2.626501465488718434e+00	1.712448739979629403e-02	1.445055540510802776e-03	8.779767032698774232e-01
2.786501465488718576e+00	1.426589779507299836e-02	1.658863071107288031e-03	8.915119177044176224e-01
2.956501465488718505e+00	1.158851312418099529e-02	8.117216440505854898e-04	9.152815191748027157e-01
3.126501465488718434e+00	9.457036062781988203e-03	1.810226874412710660e-23	9.363198821491635071e-01
3.306501465488718594e+00	8.267661028303762913e-03	2.001902790176689795e-15	9.384766924538763266e-01
3.485501465488718420e+00	5.521524533896836340e-03	3.580955192204622601e-06	9.663265538645429142e-01
3.676501465488718257e+00	5.588169353488048330e-03	1.799095173324405459e-04	9.573602089792683234e-01
3.866501465488718647e+00	4.002460018367641828e-03	3.508810545732719442e-04	9.709827644058810492e-01
4.066501465488718381e+00	3.283865383209525271e-03	1.339753146857786299e-03	9.647496951994772862e-01
4.266501465488718559e+00	3.841253192698698780e-03	1.083475668523748272e-03	9.530722908425472983e-01
4.486501465488719198e+00	2.094341988197549829e-03	2.565411539243410855e-03	9.596039494332744280e-01
4.706501465488718949e+00	1.640269686886532217e-03	2.003024334434535137e-03	9.696688642676550840e-01
4.926501465488718701e+00	1.107220055731302074e-03	1.104799569022634192e-03	9.894791649769102415e-01
5.046501465488718807e+00	1.714002293309124878e-03	1.996785323242932070e-24	9.843823671941019926e-01
5.266501465488718559e+00	1.291989942911236401e-03	1.031518129650362309e-12	9.940548202814765144e-01
5.506501465488718772e+00	7.606042640730609553e-04	2.369101466891109301e-03	9.764864009792055821e-01
5.716501465488718736e+00	4.768737707071542373e-04	5.485012594254725987e-04	9.977226908751082313e-01
5.935501465488719042e+00	4.428107187460108662e-04	1.490801560940872026e-03	9.882022750550957246e-01
6.156501465488719127e+00	5.584000866376045546e-04	4.641753134874974018e-04	9.962463622025851118e-01
6.386501465488718665e+00	5.950490230445464697e-04	8.357000575768290312e-04	9.910230319486710293e-01
6.626501465488718878e+00	1.177738309158682817e-04	3.415637029884787366e-03	9.708936533968404170e-01
6.876501465488718878e+00	2.377218428910151597e-04	4.692530454666831948e-04	1.000382834877171945e+00
7.136501465488718665e+00	1.724261868068292295e-20	1.046433534414712829e-03	9.986319400575333072e-01
7.406501465488719127e+00	4.153252038393294428e-26	1.688031250962013534e-03	9.897909769454796836e-01
7.686501465488718488e+00	2.142876022843241289e-04	1.576091829998260962e-05	1.002469622017072570e+00
7.976501465488718523e+00	1.831753689364927161e-22	3.171257589882374960e-03	9.738344660342539427e-01
8.286501465488719020e+00	6.919451396760809936e-05	8.442899939222837346e-12	1.005069020876433017e+00
8.596501465488719518e+00	2.086279704194686163e-14	4.558742516111983947e-04	9.991758647963765450e-01
8.925501465488718367e+00	2.253593924272502993e-16	2.544885847496622996e-03	9.798612044505325969e-01
9.266501465488719447e+00	3.366102980813200530e-29	1.557212589266217945e-03	9.914068051735656084e-01
9.616501465488719091e+00	2.645408295107282387e-05	1.692674122495724281e-12	1.004442597094103107e+00
9.986501465488718310e+00	4.112605344523176241e-24	1.638177102244214823e-03	9.888484584614380957e-01
1.036650146548871909e+01	3.305937031591108775e-31	2.608253618633722855e-04	1.003566193521453931e+00
1.075650146548871966e+01	5.370886673735963971e-27	1.303044899693424961e-21	1.001738138550976709e+00
1.116650146548871803e+01	4.208677506495631349e-23	6.416947798283555897e-04	9.963966797451125901e-01
1.166550146548871858e+01	1.451859588647224146e-31	1.207727193242258803e-03	9.893932430648568754e-01
1.216650146548871803e+01	6.223158083674990664e-18	6.529853374887235147e-04	9.976434678769737774e-01
1.316650146548871803e+01	3.913438822977725691e-24	2.055169900176036929e-03	9.835652317122391963e-01
1.418650146548871938e+01	1.993398947602952272e-33	2.068936206574306658e-03	9.835189236254954226e-01
1.516650146548871803e+01	1.625930051829093544e-20	8.385170645497525823e-04	9.921546067939189806e-01
1.616650146548871803e+01	1.989400601002125563e-04	2.548136213494508963e-04	9.959221149118262506e-01
1.766550146548872036e+01	2.911033114521159580e-17	5.117635368881770058e-15	1.001141088589018624e+00
1.916650146548871803e+01	2.260941677494493214e-04	1.620809838388073606e-19	9.955141078691112089e-01
2.116650146548871803e+01	2.607741357281711413e-05	1.444111076417937500e-04	9.970096216907231579e-01
2.316650146548871803e+01	2.260461904447421538e-04	2.634837315933436430e-04	9.950778913241373758e-01
2.516650146548871803e+01	2.184048266595524368e-26	1.470731948261495012e-03	9.853257908062378334e-01
2.766650146548871803e+01	2.889863327268525935e-13	1.458122540532521693e-04	9.988446972132181134e-01
3.016650146548871803e+01	1.228892657014038264e-04	5.756512632821043248e-24	9.931153775828759356e-01
